$ANSIBLE_VAULT;1.1;AES256
63393732373635323066343234643764363735313033323665373532356662343837643061663665
3965386638306233316664633930616338646437356139390a653662656364613063366561666135
63306661313637386436363231383562656538343036313635323266626433393265386130363762
6363616166363061330a653830386564343566393831373761663962366635626261343034343637
65646233633332633362306433373564323561333036613065313165303063366438313935383139
38323435313062303136313465313865343666333934353664623633663766373035383265373733
61636531333031653164306438316236383766663862646237633939336665333037653433643262
66373032363065343034326333306662356566356564333235343131313636616333663738616336
65363333663263383038363839646264373539623066633337376563336436616562323765666262
61356464623661613336353435393734333032383563373466393839393136373837653835363835
383930326538393730343430663932323237
